6120.695638948476
5877.428404107261
4930.743493054812
4493.358502352114
5200.53296741426
4141.160708714694
4076.8256325706116
3841.0681675901856
3657.436289598346
2888.6839078284984
3206.3044857772697
2787.8863255438664
2819.1259040735345
2641.0511348661857
2511.702268671413
2675.7931377214736
2621.9662192214487
2417.5902617464444
2221.2873372835693
2055.300460585853
2108.1157470767266
1922.3691018938885
1847.7898410378548
1870.7475978699215
1776.5910924348402
1714.600759659317
1706.2133266561602
1671.3115820294054
1640.5233493521669
1617.3277858586032
1599.0918441584204
1603.0579454281562
1571.5089042971977
1546.384601832167
1561.2522169195634
1524.4913970478656
1503.6783143357093
1524.179491914051
1491.1165202497953
1506.526067173411
1484.6644027403356
1468.7381694936842
1473.545585885635
1448.8679848322063
1431.8118843564675
1417.0840609795025
1422.728602708359
1420.193604434773
1405.6280131387086
1396.9561978856448
1397.984444627195
1397.2787581889759
1379.1821450604896
1366.3157767310424
1363.7334263598916
1361.5705941951285
1351.7624220581902
1363.4985940769425
1350.8081864957514
1340.2816819680145
1331.881937814621
1329.133541507701
1322.8250282799804
1330.0368058608105
1322.5505053439526
1316.8464655284938
1311.7166961780038
1307.2391636175178
1304.656371981541
1301.3839313265428
1305.434963983133
1298.3738171825962
1293.4350507875956
1289.251046359353
1285.7159270946222
1285.8760364338264
1280.5159537575566
1276.8981596318376
1274.5133938291635
1278.8808604579547
1272.2889191557197
1267.861794824679
1264.2798387231664
1261.33473759532
1260.6525935923805
1257.0784631971833
1255.8777135050962
1253.1448223468085
1253.6814010870348
1249.4164632495215
1246.9882114986701
1245.5418784777423
1248.0244460042898
1242.716303251359
1239.3570488266962
1236.433396827076
1233.8650439397202
1231.4941563013158
1229.8788373388886
1227.7164223661555
