27643.92768889975
21131.7478500827
16986.907345277737
14159.394903829387
12490.374295612286
11529.13191687569
10887.74486495132
10451.6405249449
10148.489275979473
9932.855178025164
9775.642953765848
9657.90317675933
9567.12989183332
9494.983172754823
9435.853990174977
9385.943071385276
9342.655458038216
9304.211048774272
9269.370511848187
9237.270013803249
9207.298358093669
9179.020581930861
9152.112184610498
9126.3457803495
9101.544368011171
9077.573303881492
9054.32930935678
9031.730315255401
9009.71052558311
8988.214101741643
8967.196384165265
8946.619686456072
8926.449917740261
8906.657462989322
8887.217540531148
8868.109173561827
8849.315413757968
8830.808190806474
8812.574726633567
8794.60224044617
8776.875742696026
8759.38033553931
8742.108214262149
8725.046708770846
8708.187863134846
8691.519747092692
8675.034333265452
8658.722973064323
8642.5895867958
8626.607495920276
8610.780634820374
8595.102360790519
8579.567041559838
8564.170959991503
8548.908524572826
8533.775838201604
8518.768672424581
8503.883630493026
8489.117068186124
8474.466301535327
8459.928493860445
8445.500684223534
8431.180799302138
8416.96640228876
8402.856658627708
8388.84777489805
8374.940768179302
8361.133851549293
8347.42512037834
8333.813480736098
8320.29818558038
8306.878505003455
8293.55330047771
8280.321658208386
8267.183284446015
8254.138172429544
8241.185650994687
8228.32492525492
8215.518902075517
8202.8371763429
8190.24594181436
8177.7465410816185
8165.337575415867
8153.018970024674
8140.792928836745
8128.65461824984
8116.6060026053665
8104.6471283073015
8092.774565193997
8080.992880152499
