27530.250272781537
24696.573217716126
19704.381060967866
15894.169054923877
13612.368599440842
12236.163821051889
11288.213162034372
10637.760625561079
10188.44554219037
9875.075604595822
9653.81671999751
9495.338334426024
9379.69151776644
9293.302548737227
9226.971950296778
9174.44790918372
9131.47333934263
9095.158603602755
9063.528856392813
9035.237247078427
9009.358944687632
8985.260413664015
8962.48596565897
8940.743608122166
8919.816485150444
8899.535240648665
8879.798801427392
8860.52485696151
8841.651465827237
8823.131403021669
8804.929172923454
8787.011525148619
8769.359295135486
8751.944711624265
8734.760688012182
8717.793314259916
8701.038263095468
8684.456707958352
8668.039946501302
8651.808940044408
8635.739876564967
8619.826977399938
8604.063025950596
8588.441239258298
8572.956296249296
8557.609381334496
8542.417127989405
8527.30524133141
8512.349281748626
8497.496088246948
8482.722482009192
8468.080936534496
8453.547019067617
8439.131492025661
8424.8221219959
8410.593764662537
8396.480472616391
8382.4670193596
8368.557627340226
8354.733752396314
8341.021259564302
8327.396134715551
8313.859087122168
8300.429835163422
8287.099483412125
8273.836725706407
8260.649872636443
8247.572520656735
8234.590538867622
8221.70411504878
8208.89185359401
8196.181924965364
8183.555100948547
8171.024337213988
8158.580585560497
8146.223750578208
8133.9597648499375
8121.786454909917
8109.702936206093
8097.706811731269
8085.811499328044
8073.990292323289
8062.257916473833
8050.616204596624
8039.052823714914
8027.574053018919
8016.202092684008
8004.935094202013
7993.70938538243
7982.571492669916
