6010.664704599544
6288.140562934639
6582.110928883312
5911.105757604994
5077.59780152999
4951.5013065616
5083.817420902719
3680.1480117085134
4435.716849462936
3550.032284449866
4049.4467482575897
4632.026805583748
3324.009923334329
2699.016605583231
3024.377468784043
3574.621734474861
2871.461470092394
3185.6841011352503
2732.207554418028
2974.369226104536
2526.703137937225
2811.3863851006467
2633.90123788352
2876.5821178734163
2443.9083912352075
2538.744447493569
2368.8571209716315
2181.83902197214
2040.3350439145188
1934.4860919054297
2008.503088016919
1883.4136527551752
1804.3922393298533
1817.463600058178
1761.830881272119
1775.8210196202115
1735.0725688955852
1696.2056464801915
1695.758954858648
1663.164628757751
1639.0756401437552
1621.957295305289
1609.9442653880858
1608.347390610678
1586.2339086029021
1599.628225700053
1576.197983709873
1564.66635562445
1579.605797896815
1559.0357893697308
1551.650263554386
1551.8760129774798
1535.4530021976886
1526.7971829793278
1525.0159689401708
1528.690855946042
1519.3328349333478
1530.4749811429538
1512.8434860271684
1513.69067387182
1503.5688717167832
1511.7637312226632
1500.6033234825773
1500.4127586980628
1491.1035191536064
1499.4764002207025
1488.5630919300313
1487.3022750737507
1481.450053212922
1480.1316544865856
1479.1724145093453
1473.4502646557582
1479.9595901595058
1467.594364813898
1462.3217794381762
1469.1500183196035
1457.8934431373405
1459.777178066375
1458.3663703180628
1452.0859334657198
1459.551908107994
1449.5149170621803
1445.5423990700767
1448.7284768862087
1441.8835435047324
1444.167609565742
1437.9096319401078
1441.6400015302083
1434.9699447100995
1436.9279906595334
1432.3613764790791
1433.15139096046
1430.5726153679727
1429.1877799334425
1432.303577360565
1425.3148199111513
1430.2475823442992
1420.8841603514675
1416.9494569394478
1419.439121727544
1416.7061928364124
1414.9962759890839
1421.0990663130046
1412.6507191897156
1410.3710931289968
1412.5456083678541
1408.5991222040254
1409.7049310375698
1408.012448643009
1406.0236817512277
1411.204159059959
1403.1225217232839
1402.0903944933377
1402.1319288638465
1403.068094320329
1398.0519520852692
1403.6450471073808
1394.6805463071114
1391.270561547842
1390.5736203195872
