[[4982.2130481]]
[[5265.75088507]]
[[5426.19252975]]
[[4342.18285031]]
[[4345.44910707]]
[[3696.46913019]]
[[4152.75348188]]
[[3799.21851817]]
[[3539.67450616]]
[[3335.36585494]]
[[3186.68746713]]
[[3061.45961788]]
[[2940.97374722]]
[[2833.78549824]]
[[2735.26869883]]
[[2628.03028397]]
[[2545.73379937]]
[[2475.61356781]]
[[2408.96034038]]
[[2354.24462881]]
[[2286.34674868]]
[[2238.92415627]]
[[2171.19538476]]
[[2214.11473524]]
[[2152.92706884]]
[[2087.60189726]]
[[2036.93422353]]
[[2000.67512275]]
[[1952.38666355]]
[[1910.64901716]]
[[1861.87657118]]
[[1831.95994147]]
[[1836.61250553]]
[[1786.68415387]]
[[1747.16140718]]
[[1712.77814645]]
[[1686.1962027]]
[[1664.61174529]]
[[1636.69435944]]
[[1626.2050074]]
[[1597.80732662]]
[[1594.75458058]]
[[1569.66394336]]
[[1566.69660225]]
[[1556.60712623]]
[[1529.76168308]]
[[1529.5957071]]
[[1507.56335066]]
[[1526.23346814]]
[[1503.85817719]]
[[1503.85817719]]
[[1503.85817719]]
[[1503.85817719]]
[[1503.85817719]]
[[1503.85817719]]
[[1503.85817719]]
[[1503.85817719]]
[[1503.85817719]]
[[1503.85817719]]
[[1503.85817719]]
[[1503.85817719]]
[[1503.85817719]]
[[1503.85817719]]
[[1503.85817719]]
[[1503.85817719]]
[[1503.85817719]]
[[1503.85817719]]
[[1503.85817719]]
[[1503.85817719]]
[[1503.85817719]]
[[1503.85817719]]
[[1503.85817719]]
[[1503.85817719]]
[[1503.85817719]]
[[1503.85817719]]
[[1503.85817719]]
[[1503.85817719]]
[[1503.85817719]]
[[1503.85817719]]
[[1503.85817719]]
[[1503.85817719]]
[[1503.85817719]]
[[1503.85817719]]
[[1503.85817719]]
[[1503.85817719]]
[[1503.85817719]]
[[1503.85817719]]
[[1503.85817719]]
[[1503.85817719]]
[[1503.85817719]]
[[1503.85817719]]
[[1503.85817719]]
[[1503.85817719]]
[[1503.85817719]]
[[1503.85817719]]
[[1503.85817719]]
[[1503.85817719]]
[[1503.85817719]]
[[1503.85817719]]
[[1503.85817719]]
