5404.54275257018
6779.843814214481
5697.00707513349
5172.774639773252
6391.330919592405
4376.830280957664
5124.192393405005
4480.889269211666
4994.457679515522
3872.4195411689934
3789.272615376177
3510.8373624018595
3882.865789643811
3464.709165673105
3107.3653414513974
2789.1396803260254
2554.765729331924
2674.0924792272435
2554.129621807954
2454.560270974138
2367.156416788018
2289.4406416875468
2256.0690525702703
2156.892067097976
2089.661766087815
2045.7916629444337
1994.7422195411655
1969.5275100717809
1913.437612008649
1862.7589454447939
1880.310057266861
1837.5022461964875
1810.0573571027344
1780.4799715616834
1763.3903882875384
1728.8098200258796
1707.122969616281
1729.02493041782
1707.3094790058178
1675.1828064428976
1655.2566632807682
1633.43299970324
1625.4898024529375
1597.2038084675396
1583.3808638467613
1572.8701396815184
1591.212849456603
1568.1873715791953
1553.8013376063377
1540.7940605838185
1526.9692650805384
1529.5251237011096
1512.9844366598948
1512.6032107865576
1499.040239367754
1495.1228399148304
1480.367756979414
1490.7923345246777
1473.558198922082
1463.4663251080124
1476.458179997482
1457.8796607869701
1448.1534567084918
1445.519431862328
1434.4074351673783
1435.2732027073328
1421.4373295011126
1415.9611802204938
1426.759435116221
1404.3953156176021
1394.1750841977596
1390.287016380349
1385.2928144261928
1380.208898638389
1382.4738414023873
1373.4496846739644
1370.1185234354343
1367.9645272882115
1359.6189184985399
1359.3754076125388
1353.3803736594646
1355.7198347809292
1345.565151624508
1344.7090126301807
1338.9960482496592
1337.4824907209206
1335.2379783843323
1332.4098539453555
1331.426579947529
1326.0803066170213
1325.2535257169425
1320.6108965283847
1320.5166822338579
1316.0430219525442
1314.5898471094777
1310.0219787111178
1310.571436046476
1306.2423799882083
1304.6824087708915
1300.7302443989247
