870.2361974429364
1301.4676787793223
1391.756150325646
1086.7269381266033
620.1599380091092
825.5076293697532
575.2586235818954
692.3590004332581
569.3128294135165
636.5485738631905
858.0482738022196
555.9880309694793
717.1055773128196
496.4121491798343
474.3487308875979
467.90115212469766
504.3830090805675
655.4667510494866
475.628206408163
468.2898450818972
593.4782281141094
448.1273129436392
471.2864319325002
485.84208037357854
486.99138153758935
450.74636865500526
555.8173378830397
433.93535998909914
433.44667583799486
527.7104268394861
409.468287963515
414.9126071912578
416.5257659823371
407.9915068892594
386.47173309435163
431.0714663728465
393.2576264723665
409.57703028826865
513.9514599351622
470.1784096313562
396.21794964804064
388.73893768729056
394.2186200731356
434.546144531163
380.46085402673185
386.66967577053896
390.52966946410635
440.625426148761
377.37580405614455
384.8345905132536
