72411.3025592145
93680.03044218842
118042.38407169511
88654.26328511322
68691.63121290974
55904.259496691215
46271.05053288466
38896.93156031893
33148.8290197925
28604.827304037004
24974.6645065571
22048.620125926253
19675.688403122585
17752.8334928579
16206.571898820759
14973.950143805027
13997.378134100627
13226.390886555528
12618.548713323635
12139.110350323006
11760.193971156124
11459.7608202072
11220.592531876413
11029.318026180357
10875.475822982782
10750.641854758636
10647.769003917221
10560.85331682283
10484.77765969755
10414.987746936607
10346.747427587567
10273.942784039702
10187.855373126698
10078.242730051019
9942.203664910065
