696.9605874424918
975.3618637007602
771.5588717388416
566.7045421793667
449.39646082397246
441.0172984235701
392.232634943801
381.0695390123114
360.26068296736435
338.2016279303742
349.59007196668614
385.3897318655874
374.96224068739866
349.3472579018134
365.8707842003212
375.6975881301044
366.2311478324963
348.68890501555853
367.58898322332357
359.7707894190896
347.66181136027234
346.54668119278887
376.61250579675846
370.7774309329312
344.4683799372812
350.210229672814
361.5869823562696
352.67156532999286
357.8590891543589
360.7919556198573
364.73400148551315
351.5790712475819
355.23009654107983
357.0139251208183
347.2850907225906
345.0198181940505
356.8709685194053
354.97566529453576
344.071786306433
345.01843482283715
347.36532188292125
345.78842586729183
344.8562677996519
343.0767178668957
342.7721233566145
351.03679231532476
339.31215030395794
333.711064448997
337.9465113814404
352.1630335387391
