31573.797245041835
24947.328543075433
20458.448856789888
17289.357008633397
15012.976849861676
13458.328387350384
12288.990029236124
11446.272170334452
10859.625596645392
10455.99566519709
10174.982177655631
9974.46807750983
9827.115359722482
9715.378917260614
9627.890484616686
9557.16986519488
9498.23165274202
9447.717906611553
9403.347954652034
9363.548577666304
9327.226062924838
9293.612595952549
9262.145942313375
9232.43083739803
9204.16442949057
9177.125151927374
9151.140556742102
9126.077004285198
9101.826339341676
9078.301483446798
9055.330750641091
9033.052123771007
9011.314461897826
8990.074595940634
8969.294258623559
8948.937086596936
8928.974217101977
8909.379899371048
8890.128587518377
8871.201548977539
8852.574810049498
8834.232332474481
8816.157745550076
8798.336821321593
8780.755900609525
8763.402350320295
8746.264813211217
8729.332357424384
8712.596045923587
8696.045597394765
8679.674045588969
8663.472815722822
8647.433995281366
8631.553116688785
8615.822892957565
8600.23725738208
8584.78973733442
8569.478136280117
8554.29693793101
8539.242084925492
8524.308949582603
8509.495255161823
8494.796740590064
8480.211666147754
8465.736175539807
8451.368903049854
8437.106833643016
8422.948511540393
8408.89101953595
8394.93369355587
8381.075284729832
8367.314087910558
8353.64903561298
8340.079608254608
8326.603997566097
8313.22215019582
8299.933672305957
8286.736259090574
8273.634588913717
8260.617281757863
8247.693044956412
8234.859439926973
8222.116069558988
8209.462270478076
8196.89815922635
8184.4229814233095
8172.036748810206
8159.739232823157
8147.531981511701
8135.411039251399
