72263.23107472077
93327.28410665572
117555.38245335434
88842.43209180485
68987.68334739895
56218.72837980505
46577.461242050354
39186.84052456058
33419.72941694572
28855.98926752417
25206.548521231445
22262.56601529727
19872.649600541306
17932.27541366164
16367.31900643592
15115.559514869714
14120.41636261052
13332.166754249889
12708.79778422132
12215.727489766048
11825.045240841195
11514.569249148633
11266.88234346782
11068.411189416911
10908.538316254318
10778.761032855618
10672.013870778872
10582.288132076235
10504.470551281578
10434.10334538345
10366.79821808165
10297.221881636204
10217.837750811563
10118.727916585087
9992.953273160723
