[[6598.99779843]]
[[7152.42406933]]
[[6394.88214888]]
[[6174.37491717]]
[[4611.90101563]]
[[4378.07386386]]
[[3403.40803558]]
[[4114.88653328]]
[[3180.08527977]]
[[2981.7600265]]
[[3331.28887981]]
[[2879.393738]]
[[2522.09870832]]
[[2649.90018137]]
[[2353.1632776]]
[[2236.11206862]]
[[2121.99655223]]
[[2075.74209626]]
[[2083.25498226]]
[[1959.22856265]]
[[2029.64332164]]
[[1958.28929973]]
[[1897.48514171]]
[[1845.34909823]]
[[1809.35093]]
[[1768.31855336]]
[[1795.37805378]]
[[1755.41031295]]
[[1723.21419648]]
[[1696.46960806]]
[[1673.8333703]]
[[1660.41529974]]
[[1644.81776132]]
[[1622.97266777]]
[[1638.91094951]]
[[1609.56917199]]
[[1588.93197489]]
[[1575.21776095]]
[[1559.72652835]]
[[1547.24251346]]
[[1532.70624142]]
[[1523.21164477]]
[[1507.96812922]]
[[1500.89516601]]
[[1484.3481343]]
[[1480.82791124]]
[[1461.09455364]]
[[1448.21641268]]
[[1446.34839028]]
[[1428.878495]]
[[1426.46737413]]
[[1414.45793737]]
[[1415.95417247]]
[[1401.50136858]]
[[1405.98543911]]
[[1390.95093379]]
[[1392.8934397]]
[[1378.33754119]]
[[1376.32826375]]
[[1368.88125802]]
[[1364.89517406]]
[[1357.34939195]]
[[1349.66328975]]
[[1344.93948646]]
[[1337.55933548]]
[[1340.38911266]]
[[1329.91951394]]
[[1336.73197575]]
[[1323.07304321]]
[[1320.22793353]]
[[1315.48134164]]
[[1322.06279135]]
[[1309.33192889]]
[[1313.79145759]]
[[1297.97676668]]
[[1295.78484771]]
[[1298.62214326]]
[[1297.67282536]]
[[1288.87268788]]
[[1298.2459768]]
[[1282.19680868]]
[[1275.94054644]]
[[1273.98672465]]
[[1270.31094007]]
[[1274.88603672]]
[[1270.45851051]]
[[1269.33808165]]
[[1266.95556361]]
[[1265.3399763]]
[[1265.30425479]]
[[1259.87959641]]
[[1267.02343952]]
[[1259.11432246]]
[[1257.40456372]]
[[1253.60009584]]
[[1256.76891404]]
[[1248.96427096]]
[[1248.24203741]]
[[1245.05221958]]
[[1250.58879486]]
[[1242.12636542]]
[[1241.22288512]]
[[1240.07670788]]
[[1239.96795192]]
[[1236.24974499]]
[[1242.48662713]]
[[1236.13450064]]
[[1235.48566518]]
[[1232.02057958]]
[[1234.74537834]]
[[1228.27391452]]
[[1228.11403507]]
[[1225.78592498]]
[[1229.2115922]]
[[1222.6052144]]
[[1222.64660322]]
[[1220.90037479]]
[[1224.05659686]]
[[1219.19814976]]
[[1220.89472066]]
[[1215.80157067]]
[[1219.84399744]]
[[1214.97799841]]
[[1216.75827629]]
[[1212.02670798]]
[[1216.30443341]]
[[1210.99150701]]
[[1211.23623018]]
[[1208.92952262]]
[[1213.08279229]]
[[1207.96801192]]
[[1207.6938923]]
[[1206.45183948]]
[[1208.70014272]]
[[1204.23834774]]
[[1205.20094594]]
[[1202.36561233]]
[[1206.14968644]]
[[1200.79605424]]
[[1200.23742162]]
[[1199.91591626]]
[[1202.30209609]]
[[1198.38725155]]
[[1199.9285514]]
[[1196.02134513]]
[[1199.35481358]]
[[1195.24597969]]
[[1196.63433017]]
[[1193.51083301]]
[[1196.93689638]]
[[1192.28587602]]
[[1192.5319881]]
[[1191.5837153]]
[[1194.23420361]]
[[1190.35786201]]
[[1192.04732953]]
[[1188.76979122]]
[[1192.53064161]]
[[1188.06812921]]
[[1188.42234216]]
[[1187.46497821]]
[[1189.79625408]]
[[1186.01730842]]
[[1187.5531607]]
[[1184.78803858]]
[[1188.50453685]]
[[1184.07272592]]
[[1184.33227674]]
[[1183.73519093]]
[[1185.84478549]]
[[1182.25400561]]
[[1183.87322626]]
[[1181.10821229]]
[[1184.67522445]]
[[1180.60380522]]
[[1181.24134323]]
[[1180.16065157]]
[[1182.42409751]]
[[1178.79579894]]
[[1180.11120205]]
