6347.473130901061
7029.308960391552
5677.9324646061805
6100.304514679467
4413.727445187295
3682.889946051994
3792.9869183027035
4470.2139309550985
3211.7904357827974
3626.8602599657484
3050.356438999589
2696.297262358458
2613.807806492908
2579.702715953422
2724.5464718650765
2494.8913605486814
2575.7816936865306
2330.115525025663
2220.1214474645108
2064.5186084996562
2094.6957195574514
1992.3635873873422
1994.5815518604984
1944.5715029090009
1897.9919851899854
1869.0844828732581
1863.2565365252547
1813.4107308966982
1800.6492488689923
1768.983925831119
1793.4183532316476
1761.1470922145775
1747.2408893801496
1725.2891732651622
1713.1779990342652
1717.7929718530422
1698.0108730960135
1711.725392847465
1688.453238735655
1702.1882873849797
1671.647227239564
1654.825932043871
1645.9801703336623
1643.644606739753
1645.3468829375279
1634.9920580972853
1650.7233728549827
1633.957979788888
1635.0621733377836
1619.99054891085
1629.9499872991205
1615.2319149678808
1615.4974298585712
1601.832486349473
1612.1949345672479
1597.4059528685186
1596.1138297537036
1601.6563421548524
1586.1408664703563
1585.4079256978443
1577.3304521767973
1583.9338170622136
1573.3095904492386
1570.2840478415221
1562.6528361539745
1561.250823844587
1549.3744641664
1540.730196498477
1534.7403753592143
1526.3390594543062
1530.9387199155428
1514.1032866120731
1507.3209702668803
1493.8314237927611
1496.579382094511
1477.5478795264844
1465.9886289616757
1454.9842126470212
1445.9715521855514
1434.4826347223425
1424.34159121525
1413.624520942063
1405.111260662527
1394.6342475434853
1387.216971919981
1377.96613638348
1375.4286305425237
1363.3601869110314
1354.6609961294346
1348.014586760575
1346.695913609556
1336.0109815320618
1328.9059250212918
1323.3215811397818
1323.0314294652233
1313.0680829175208
1306.6746159789252
1302.7842672240574
1303.610895454359
1294.933328239223
1290.5503413495148
1286.9008746285579
1288.3350409576954
1280.7221418859176
1277.9767501444946
1273.7007931498647
1275.7542117135874
1268.6697255261129
1266.754578650833
1262.723614875613
1265.2898460658537
1258.6169571020785
1257.141025502648
1253.487900840981
1255.8989854556435
1249.8783225930647
1249.813387957876
1245.1972436243223
1247.6877397600786
1241.7380207848312
