72252.44061899856
93295.68399446389
117549.44188980326
88840.98383737425
68985.44105888676
56216.4052728714
46575.32550913122
39185.05963063071
33418.34978383022
28854.9944566951
25205.931432638732
22262.256849912323
19872.58472540668
17932.372805574778
16367.505104992248
15115.780194247105
14120.645225943077
13332.39052367397
12709.012186170807
12215.932193885512
11825.242086960494
11514.75938012838
11267.052270149885
11068.576858279463
10908.694258963982
10778.914236900502
10672.161976703437
10582.432050949023
10504.611794139553
10434.245138523833
10366.947525086993
10297.391091511954
10218.047485516234
10119.002262995033
9993.293615548637
