72345.11552505416
93342.95987492622
117572.26403007813
88859.46004149997
69001.0526184114
56229.49166980045
46586.25375708223
39194.148057806146
33425.86292764945
28861.179036499987
25210.93045445606
22266.265677260697
19875.725051808105
17934.79538331017
16369.375595053978
15117.207789078613
14121.73505187221
13333.219879815799
12709.637317113107
12216.399673434857
11825.583718665512
11515.00027534292
11267.22938107721
11068.692834931959
10908.76851139236
10778.950344976707
10672.1697211202
10582.416361514548
10504.577535826402
10434.192747701083
10366.884036256186
10297.320301437789
10217.973055930184
10118.928061976461
9993.22504205919
