27662.274120070993
21271.286808882083
16990.87648328738
13995.882781002723
12297.605032042427
11368.922815354012
10760.951433445041
10349.968892502593
10064.433541279026
9861.036924623297
9712.37247118662
9600.707095307627
9514.379294595974
9445.547131336669
9388.970809386781
9341.103466146005
9299.517223167306
9262.52096376576
9228.94502062594
9197.984118460754
9169.023825831573
9141.660695108509
9115.613451832136
9090.629212491642
9066.55535514142
9043.278491106943
9020.645736346067
8998.648864113009
8977.201590757395
8956.247740957537
8935.722556336688
8915.645004047916
8895.894714806112
8876.500641474016
8857.453900644874
8838.71628520105
8820.26429104304
8802.103387967687
8784.182534484831
8766.506534970276
8749.064605351268
8731.842443433663
8714.83762594593
8698.024215521526
8681.400200805827
8664.96297535433
8648.68881150416
8632.598404308857
8616.659036993431
8600.866101741012
8585.227590878736
8569.737523935559
8554.376387118224
8539.15888530832
8524.076942573862
8509.104777049126
8494.2415127683
8479.510566924117
8464.900059533362
8450.383442263259
8436.001546554266
8421.707261682253
8407.5208930716
8393.443544844333
8379.468069255729
8365.60977555489
8351.825751639786
8338.155714786863
8324.573183306005
8311.088069487005
8297.699943819229
8284.405084037826
8271.205977204949
8258.104916220269
8245.096729967363
8232.188079932052
8219.354146930711
8206.624043719778
8193.994483692459
8181.443731261194
8168.972600220021
8156.601361608619
8144.321318909574
8132.1333970763135
8120.03319928841
8108.0278663065465
8096.130875168939
8084.315354837089
8072.561156954522
8060.926934668113
