30516.498987287498
24216.661555930667
19428.849035102685
16330.088791309194
14234.775899743325
12834.565651405586
11825.05908406109
11126.824792670808
10650.679846727136
10321.867794663738
10089.171650426464
9919.752674639103
9792.62710767807
9694.208446275608
9615.571566881408
9550.779793481928
9495.844244142274
9448.051200649445
9405.536523718009
9367.002801362732
9331.534379066534
9298.485523225509
9267.40781156283
9237.925458553756
9209.784492804214
9182.797918742368
9156.815608820645
9131.706081346627
9107.394493371858
9083.788758294138
9060.82359227211
9038.442517151974
9016.597247708993
8995.245376065455
8974.350685753494
8953.880681226517
8933.805308650282
8914.099494233084
8894.73989771103
8875.705882040695
8856.974397011958
8838.533469276592
8820.364567121305
8802.452805318271
8784.784899910212
8767.348128979742
8750.130721296824
8733.122653895154
8716.313539008772
8699.69456625235
8683.25695494721
8666.992442888772
8650.893278171547
8634.955100553694
8619.170013790683
8603.5321378449
8588.036288713432
8572.6773311246
8557.450882921845
8542.352756989252
8527.378697134747
8512.525174566374
8497.790690370071
8483.169112769016
8468.659666991687
8454.258872416369
8439.96581364411
8425.775370823016
8411.688066346464
8397.703107097506
8383.81599271366
8370.024974309252
8356.333402624092
8342.73710934518
8329.236303862504
8315.82957200822
8302.516623476717
8289.296329181358
8276.167814180513
8263.130905361066
8250.185452350283
8237.330587701606
8224.567458031186
8211.893419697071
8199.309341641469
8186.815152448903
8174.409790655574
8162.093381081198
8149.865868988071
8137.726730288921
