Time taken: 311.6179943084717 seconds
dt = 0.005
n_substeps = 2
final state:

[[-1.08191335e-03]
 [ 3.94249363e-01]
 [ 1.93415441e-01]
 [ 9.86051515e-01]
 [ 8.10083486e-02]
 [-1.39364542e-01]
 [-4.14437289e-02]
 [-1.23880482e-02]
 [-8.45656411e-04]
 [ 6.83195950e-03]
 [ 3.10866476e-02]
 [ 1.43348380e-03]
 [-3.12022292e-02]
 [ 4.58103477e-03]
 [ 2.50264783e-04]
 [ 4.67862572e-03]
 [ 2.02285285e-03]
 [-1.41199238e-02]
 [-1.19255535e-03]
 [ 1.22680485e-02]
 [ 1.38593082e-01]
 [ 1.04636311e-02]
 [-4.28589809e-01]
 [-1.42011461e-01]
 [ 1.05739688e-04]
 [ 1.50090539e-01]
 [ 4.19647878e-03]]


run on surface book 2
