663.5732352537269
881.7648319262511
906.8070404449588
557.5178117784676
501.227376517407
439.45837657810023
383.1483611179341
388.7298849534633
382.3982885907488
411.41067078273437
384.45474086587035
384.4680227369279
390.14920928259266
402.92464861397445
364.3078649395776
380.0071578455551
369.51884667641923
385.49162952763317
371.5713449247721
376.50501342873554
356.0532950616394
374.3127702881391
366.99520558367726
364.7210981142842
361.3651249462096
384.46961935613956
372.95157812026383
360.930311414591
347.3356810299763
370.47579749642307
348.8853699534669
352.1593399035241
350.32448746896716
362.6371120423951
343.6049894944708
351.5264187941124
369.9557021265385
356.06017959038184
347.1464918487676
354.3505877622329
353.4906441020768
353.51019951003906
348.60033645447743
349.25069492968726
351.6305123556284
340.8281028514754
344.9149340724421
346.114242858582
359.2709352143858
351.1240635284634
