5497.523372078386
5096.2270422257625
4889.773247353332
5404.98583268401
4806.608908228964
4697.120138710918
3859.393452572185
3451.173171607318
3876.4211253188146
2940.1240582177134
3363.5975858217043
2982.229711541258
2679.083120105709
2456.195418547691
2324.394746461728
2183.842714476441
2274.989109492302
2251.678935486998
2062.432285404063
2039.7715730210948
2108.550236316432
1973.5746470223714
1868.7250308196565
1882.6727479738345
1782.7306034475434
1837.289147118747
1757.934678141218
1746.7949035449935
1677.8352069270336
1646.3378859129398
1589.6368741757956
1555.6000997220065
1513.8940081577468
1537.7554517633068
1496.2706283845878
1502.9551528203297
1468.1810079355898
1448.7016974995918
1419.8763719462681
1422.2526961120138
1381.6939783323733
1362.5948836161915
1373.0277591728654
1345.6780632633095
1333.4045402230347
1314.7691116033272
1331.3879977823044
1308.5774151759251
1315.1003277755244
1287.7575980770541
1276.4033647522783
1287.0705867944405
1263.1638793867091
1256.3881366978312
1271.39795182882
1250.6587418718282
1242.005054944756
1254.0599027876856
1236.546248110366
1228.8015328729352
1227.9754651898004
1223.073714019599
1217.8991060421558
1230.9589589301538
1216.773275713259
1212.0034900355004
1209.0400663903563
1209.787004291581
1200.1165599491162
1206.9624763162935
1194.7700380407202
1193.43621285444
1188.3718527767307
1196.38251143093
1186.4627385929846
1183.6550988005579
1179.1711713108018
1181.8904954399804
1173.4838059148997
1172.5517227865719
1168.0357771631811
1175.4157971741759
1165.5044957224497
1160.9871998529618
1159.452302698019
1163.9226018158643
1157.6389440893076
1155.5631443435566
1152.669074219306
1154.4470582619697
1147.6464914457326
1145.1205293116045
1143.2312593031634
1146.076159709369
1139.6023591791127
1137.5525445404598
1136.43833392659
1138.3841295287536
1132.8162711314728
1131.7547895333844
