72265.07165425815
93294.53029885505
117550.59767775533
88836.52581337669
68981.12626353925
56212.85456733247
46572.486818434234
39182.70795837873
33416.32666397862
28853.210617487654
25204.28824912868
22260.731715031885
19871.24372411389
17931.159360638147
16366.439020683345
15114.879548155595
14119.896627984544
13331.768480098786
12708.496413992894
12215.503638226643
11824.983364606327
11514.526683092188
11266.854270502301
11068.394246663724
10908.529005007837
10778.756332058556
10672.010426202689
10582.284583281722
10504.465576935418
10434.095684374315
10366.784715586231
10297.200652985975
10217.804402875889
10118.67756195497
9992.888319559452
