6042.363757149642
6376.8302784157695
5524.955639571681
4961.774624843696
4167.24035491195
4061.6604773414474
4644.17420519697
4047.336325809432
3588.9555417567835
3511.176245864303
3702.5264338784023
3147.4796314650616
2718.498225819688
2998.3728674940307
2628.655482678083
2816.0585141577317
2288.50870221468
2539.4807789364877
2305.6497941123866
2427.3039926251686
2175.9331247590967
2030.0792438676363
2092.2704432704563
2029.6806504607825
2010.328974658335
1958.833743149167
1863.6630906904545
1922.3327824692385
1887.7079354158273
1832.3828715737156
1788.7177091626472
1753.5351570424916
1717.8047519815016
1744.0977201492908
1701.9618264029773
1670.5375177332621
1662.480382849747
1630.013172162222
1605.2013172307982
1596.8555644217943
1565.819577440432
1545.980407926939
1537.197560287638
1529.5935919909123
1505.0704755677218
1490.6460097289025
1477.7545657206588
1466.5351473638889
1452.2068352165816
1445.3739894823475
1435.9908156622541
1427.4444540109323
1438.8039997894416
1422.2441885468538
1411.6763476617532
1407.8403371983547
1392.9495570736
1387.4324074157066
1388.0961294160263
1375.7793355594881
1375.539343337841
1363.7025179896189
1371.0059498783098
1360.6798210622387
1357.9865816852353
1349.3691235383035
1346.6894117083623
1342.369899393175
1335.4204235485415
1337.7958458722528
1328.7242385229285
1337.930211657896
1328.5383042632902
1335.3825157052554
1321.6186316087114
1319.8276901591983
1313.2069413279469
1312.9611304295006
1305.9541039846747
1312.49555106525
1303.4992893351612
1306.4489560935413
1297.6375126137034
1304.3617258614815
1294.4788976782902
1295.6128227396762
1288.0714425872686
1292.4963321535213
1281.3140194484756
1277.61411874194
1276.652782368033
1273.914193910721
1275.9055446242753
1271.606037534251
1273.2822910737536
1271.4116519545885
1269.0886813959808
1276.103254437337
1268.4624061300842
1273.763643655316
