7224.0440656005685
7996.9812680363375
7867.007708861262
4784.89585884047
5765.9883864234225
3999.8465402916395
3116.1813516525617
3252.4583475503073
3981.5020218287223
3113.982066466416
2381.986821672317
2436.802365454873
2162.931999702799
2029.555549500653
1904.3018599061938
1970.181248652885
1867.9331336828989
1775.7385339529505
1701.383139799183
1656.0541758870227
1695.7729930993107
1629.4763070682575
1662.2141601357268
1593.8638510493429
1556.414104841476
1587.8482100874985
1556.5944843567088
1561.8375730402652
1517.1970523844911
1533.6643842132605
1494.1927718012805
1508.7037449825705
1470.6875784415759
1467.7930601429732
1435.9405450280692
1455.386424666269
1424.8742359839416
1411.3483078780082
1411.3912628509295
1395.4977925769235
1402.6709662028445
1380.8373787872297
1386.9221462954542
1367.2147214305178
1380.3487050351594
1363.7085506354658
1361.3590159599325
1349.975671711409
1357.2715441103132
1343.5245978111518
1344.3714141055536
1334.5820932993668
1340.8167613494047
1327.2204186480212
1333.0614507971795
1319.305604137683
1328.8567797637384
1317.8256468565846
1319.2173157091565
1309.1578028954727
1317.1261972865157
1305.6575283978834
1306.9635081899348
1300.1439836599513
1301.4660031715568
1296.322223726875
1301.5288882715374
1295.0158972060945
1296.6786873407223
1290.8781050497435
1296.6864055696271
1289.0228235295197
1291.5336517709738
1284.245413778647
1293.1120435479731
1283.2129802626312
1284.6167262951656
1278.9429693965608
1282.4911158275681
1279.3972911176147
1279.2763294530766
1282.0655204705645
1274.942834923191
1283.4402499053688
1271.4032498961074
1274.2821419748198
1271.433016232987
1270.8317742722836
1274.6460938317293
1266.6188941625264
1273.949537469972
1262.2846241933373
1260.26412931044
1268.1170116384535
1257.2246365605583
1260.6543064392938
1255.5080346523184
1260.5568267597992
1254.0586311912507
1258.401750868522
1251.4522145821225
1255.6214653066863
1252.079940463326
1253.515472403045
1253.9272596642106
1250.4998254179623
1258.4257509614692
1248.1269660578064
1247.7621750849864
1251.6422142846116
1244.5158229667165
1249.0836051371468
1243.9008374641198
1250.7104771987858
1241.759037631261
1243.6174534782642
1245.0228088176805
1239.4945156166746
1245.0469500145316
1236.9255963067553
