6834.241850036033
7591.0873357205
6129.769535763366
5182.214689406815
4484.815684624306
3374.112806932586
3916.1817921577767
3716.5906352956854
4139.9792284817395
3452.1738874041757
3821.0397332636812
3977.906388464707
3167.4010337270142
3528.6471970074267
3081.9992569036935
3270.374888277742
3116.7162485192816
2974.84796750037
2848.869308480141
2731.8389275462923
2646.1306289954114
2534.5575470485965
2458.5578368261067
2515.3130379007266
2416.929834375978
2328.349649841498
2251.162636215496
2191.637285593528
2230.2817623032442
2159.111307513659
2095.005522090681
2134.8400474716127
2070.603934156698
2014.402386853487
1983.9257215537505
1949.89502684814
1978.8636820613879
1942.2908898755718
1913.0275164018328
1893.7024140381695
1868.6825563923342
1875.4708719404334
1843.7488607526855
1828.2012292692946
1847.888268824107
1824.0143951919981
1804.529920047232
1788.7371399835242
1777.5246534573741
1791.9124729608238
1772.4375692683145
1756.5179985021052
1744.8778575049969
1737.1989837047854
1727.2400766618125
1728.8826222338116
1713.3411369098276
1705.92060459219
1716.9325786244738
1700.271701031077
1687.0624451004428
1677.9378516160984
1672.4898964559018
1663.646185322104
1660.8508011975077
1650.3050915041129
1643.111423305871
1640.2774196929465
1630.2279185414784
1623.7524262121115
1627.222520246238
1614.311052672416
1606.2109840432115
1600.964906523687
1595.4351486154985
1596.5519948782767
1585.4099231940897
1579.1041134640539
1579.3758860400137
1569.210129099351
1563.1768379624552
1558.9542264116697
1552.6713514474075
1549.1914663307816
1542.7216816290886
1537.9981263500233
1533.0948162195605
1534.292649249997
1525.1490260324508
1520.0607495864197
1516.8229509569032
1511.6070730785123
1509.032755073129
1504.0541684700427
1500.6609055348279
1496.8231937242956
1493.371356046967
1489.7033531272964
1486.8183691145648
1482.7215163336825
