31094.304474872864
24488.675774321662
19511.492650495817
16387.33716269313
14290.087449785617
12887.764228654702
11871.232198279278
11164.579766188983
10681.691044792005
10348.179553769207
10112.24926380091
9940.491121488656
9811.586815742783
9711.759051318742
9631.970869380846
9566.216155949214
9510.460696294285
9461.953773121395
9418.806457458126
9379.725785950364
9343.746188420055
9310.250219719437
9278.720886379802
9248.845585925834
9220.350487426009
9193.103281327665
9166.810676074874
9141.421003414309
9116.836275257532
9092.990881904538
9069.801921942379
9047.211477986875
9025.168328198284
9003.633276379294
8982.563277051451
8961.929738746485
8941.70546387202
8921.862192470307
8902.383048080797
8883.211634654743
8864.381135019692
8845.818409847954
8827.544106169049
8809.545087172784
8791.791497843304
8774.266990724305
8756.94483521058
8739.860366050236
8722.971959077302
8706.281160449273
8689.778196365645
8673.437642085722
8657.294258419979
8641.30846017541
8625.454973431732
8609.76640363062
8594.20927837301
8578.800061954285
8563.517703764597
8548.355335764545
8533.331355158865
8518.431220984245
8503.650787772594
8488.985791527804
8474.432909483583
8459.99054006045
8445.671763823315
8431.4333170882
8417.305352596011
8403.28343494433
8389.397592606578
8375.587795050782
8361.820171979767
8348.252042428863
8334.673133623312
8321.219280283733
8307.859124535658
8294.615369962667
8281.450218721096
8268.383222176424
8255.425183463074
8242.519769896815
8229.712408859601
8217.011526170376
8204.399009891782
8191.861205314818
8179.426257425538
8167.067948000279
8154.807229865766
8142.626002527732
