[[6453.79491912]]
[[7156.84617027]]
[[4555.51194815]]
[[3417.13332254]]
[[3067.82755591]]
[[2942.69208553]]
[[2845.03898191]]
[[3104.030297]]
[[2341.4421639]]
[[2094.57678537]]
[[2068.61761605]]
[[1747.5482681]]
[[1724.09442146]]
[[1543.47041873]]
[[1647.076154]]
[[1529.36455012]]
[[1449.67479148]]
[[1449.58891032]]
[[1543.11480988]]
[[1472.3109728]]
[[1425.82937596]]
[[1331.51627396]]
[[1385.84116751]]
[[1439.72049968]]
[[1393.26490968]]
[[1346.74361619]]
[[1414.71952007]]
[[1344.98528335]]
[[1326.67224901]]
[[1284.37502916]]
[[1318.73985645]]
[[1274.51967719]]
[[1250.56928314]]
[[1252.85734713]]
[[1235.46550625]]
[[1234.50206232]]
[[1222.91442262]]
[[1235.88463561]]
[[1217.40290061]]
[[1223.27624137]]
[[1204.23976928]]
[[1215.03088741]]
[[1200.77042208]]
[[1214.07298698]]
[[1195.57322944]]
[[1188.10157702]]
[[1194.60849799]]
[[1208.11827753]]
[[1192.81995828]]
[[1190.6496775]]
[[1186.82347974]]
[[1197.34294318]]
[[1183.66101431]]
[[1191.66095499]]
[[1180.61447759]]
[[1189.13508678]]
[[1176.62142111]]
[[1172.34957397]]
[[1170.75680097]]
[[1179.85029787]]
[[1169.75585072]]
[[1170.89434273]]
[[1164.196083]]
[[1172.28363345]]
[[1162.39020436]]
[[1159.14726305]]
[[1158.04036163]]
[[1162.04087904]]
[[1154.66828919]]
[[1160.53617258]]
[[1154.1225009]]
[[1155.40726096]]
[[1150.5580704]]
[[1155.86273208]]
[[1149.11125306]]
[[1150.04988045]]
[[1147.33861881]]
[[1151.33808066]]
[[1144.48507094]]
[[1143.66578648]]
