72385.32464824426
93497.39373365635
118014.5123620869
88641.12720906553
68673.84745852933
55886.997716389946
46255.79945259752
38884.2755861575
33138.769582699795
28597.113910703447
24968.97889849053
22044.63332563949
19673.050185542183
17751.18094926188
16205.58854347597
14973.40776094937
13997.128514262067
13226.33947593704
12618.634364716325
12139.292411251627
11760.444592931304
11460.06026278121
11220.925727393142
11029.672339394083
10875.839898957192
10751.00539852905
10648.123386029558
10561.192760250411
10485.10091491435
10415.300120217938
10347.063479786993
10274.29016962484
10188.275935091759
10078.772660913812
9942.813557114492
