6135.613578151345
4800.640662551983
4952.082083313913
4255.886444936901
3861.9975044230487
4452.057850826222
5239.498246471378
4289.458256961033
4484.369945096234
3671.656019201844
3405.388423760196
2748.4583823569105
3025.827646500089
2610.2035220729063
2882.7321672244307
2508.0745980457195
2736.8294069551375
2434.213721933379
2257.3170558704837
2082.13834600689
2056.987718567233
1941.0162398268792
1761.9069182845074
1894.697132052888
1787.2969595615723
1729.0241195379317
1670.8613450217679
1598.8396135637536
1605.5870420414851
1619.0585126598598
1536.1706634763516
1581.664813657995
1582.3292294928112
1536.8928648267588
1512.7275481792262
1457.8019664545095
1505.7722272803062
1440.7202515290799
1476.9920057725187
1508.0033768714516
1480.9550053719809
1435.1561943409895
1462.0328485425568
1425.4169878167531
1420.9542344644533
1385.1850872546725
1359.8040454101354
1342.6082064300788
1331.1794024969156
1316.0006387172803
1295.6155526046084
1298.7270651979097
1271.9629592734789
1261.204827007809
1285.7422951610927
1262.7290933650095
1247.2728982729839
1234.946111893022
1225.77132223368
1245.244535128717
1222.1455932113947
1210.51495288111
1209.1516223392703
1197.3591138489169
1197.54742111242
1186.096487443594
1188.0758728297951
1174.5637493907868
1169.201116692072
1187.5712262821517
1177.611221508601
1178.7016501921555
1184.64146254348
1170.9839187966084
1165.6360027591973
1166.269475555824
1163.0666308686648
1164.2800952823272
1165.3818643412014
1157.9055387335497
1161.8031367177603
1161.8031367177603
1161.8031367177603
1161.8031367177603
1161.8031367177603
1161.8031367177603
1161.8031367177603
1161.8031367177603
1161.8031367177603
1161.8031367177603
1161.8031367177603
1161.8031367177603
1161.8031367177603
1161.8031367177603
1161.8031367177603
1161.8031367177603
1161.8031367177603
1161.8031367177603
1161.8031367177603
1161.8031367177603
