7127.271972004091
8664.220866558955
6270.680132534853
7333.09775120034
5224.52124981103
3686.1715119659016
2955.3784783951883
2988.471087208341
2705.2637847643014
2482.01373286108
2392.4527051649557
2192.0130884108785
2202.179005709789
2204.3135716239176
2066.628280207226
2093.7325904707614
1990.8118474821345
1910.3796695779788
1938.5403752587542
1887.4972093085512
1828.5295077067428
1851.5467238846768
1798.6181588647528
1760.960491092698
1731.5214429851494
1707.5905298626124
1727.9438600750502
1693.4187387407646
1669.911087165764
1652.9003926391779
1639.0018581997315
1627.605878761872
1628.339795320613
1608.636131823756
1601.9461241236063
1615.4456782093198
1594.4950463326625
1571.9826972978572
1576.5046277186375
1551.9095386108572
1552.0935507400663
1535.5939184635456
1537.9655116230126
1520.6248900734113
1526.4865550929185
1509.1476425453154
1516.5179406639438
1499.491766046726
1504.8211043368058
1489.3767851738505
1500.5498060094847
1484.4224085532207
1480.2596551944425
1470.4018338425085
1481.4341287915258
1465.9075625788332
1459.9169686368512
1456.9256817036533
1452.4241784795352
1447.078200109322
1452.8654132429551
1440.7337734811324
1443.6387006785556
1432.0821280145747
1434.8179446457766
1424.619057418464
1425.8612624803918
1418.4154216239542
1415.1903465819619
1407.6951207432276
1415.2843433051682
1403.287262911573
1398.275014443504
1399.6792624338761
1389.4464076997278
1388.1985536566126
1382.609152991393
1382.0483807822438
1378.0387656927207
1375.2735238741009
1377.7443637466758
1369.8548508580861
1370.0086142090838
1365.3258260843884
1363.8676438914747
1356.8641193435594
1358.2313878210034
1352.7646449645283
1350.5688580573617
1344.5819819658836
1345.8976544464438
1340.4179635384992
1338.7589315474404
1332.9956362077025
1333.5729987046443
1328.4318911295197
1328.816916142392
1322.1343159760322
1322.2224756299431
1320.381524780037
1318.4026677702536
1312.6465711181822
1314.692523011981
1309.8793041958386
1310.5948730424248
1304.0944867302087
1303.7415784900375
1302.2091934135328
1300.8844728255276
1295.4025261215343
1297.8640328815945
1293.552696333638
1294.860293083955
1288.1142022482907
1287.3750240676698
1287.930085152655
1283.224732649665
1281.6663001915238
1284.68644937328
1278.846185671246
1278.33282608637
1276.8854932021598
1276.5724017744228
1271.8695163091993
1276.4709724304912
1270.6318791362212
1269.361041967571
1267.6878441077056
1270.331426526376
1264.1554362985808
1263.1836677670833
1266.5585889398424
1260.0205994700373
1260.3729347741491
1262.7311061590249
1262.2337097264342
1260.7316655453246
1255.7547738450587
1256.9766655256124
1258.844982034421
1254.3060718983306
1255.766324329538
1253.4282407413448
1252.622859570442
1256.9629359066073
1252.0691869795369
1252.200052124067
1250.6095302817746
1252.7859779927774
1247.4253374244906
