27266.578411899733
20831.89026235752
16743.140024098073
13963.254693662548
12349.476426183883
11428.15740077259
10807.688076098768
10380.838167318123
10081.470686361426
9867.47345796882
9711.273537239553
9594.513794589388
9504.87597583464
9434.04147439746
9376.364310968194
9327.987555271511
9286.269559299477
9249.388799904746
9216.08053829325
9185.459021963816
9156.931651943754
9130.003376751783
9104.375826222116
9079.815355953006
9056.148748756237
9033.24486750319
9011.00302581297
8989.345155698828
8968.213004543559
8947.548980910393
8927.313681892101
8907.472625081591
8887.995831110233
8868.857400050772
8850.034400991359
8831.507916768947
8813.258787857212
8795.271110001524
8777.531164352777
8760.025189967237
8742.743203204607
8725.670298903746
8708.79826852142
8692.118098568906
8675.619546117092
8659.296173206847
8643.139887876456
8627.145474988669
8611.303671092457
8595.607340761513
8580.05696375831
8564.64471896287
8549.36526935188
8534.215274402444
8519.190455466485
8504.287352694244
8489.501125201676
8474.831089283993
8460.273724896795
8445.826448465736
8431.486770036254
8417.25316577826
8403.122899929509
8389.094996994567
8375.17056712411
8361.342754971623
8347.613207485509
8333.980695952907
8320.444614932678
8307.003523006973
8293.65979642391
8280.408440039488
8267.248891188894
8254.182446895122
8241.208516109748
8228.32676335657
8215.5365231858
8202.83813460986
8190.2294889348395
8177.712279463732
8165.285778305122
8152.949960250719
8140.703514796846
8128.546757140613
8116.478769151504
8104.500686950269
8092.611208940673
8080.811076204263
8069.0988732121505
8057.475089847268
