697.0890573301158
979.9805025770104
725.1272809052915
562.7877981440557
450.800030705061
437.54573260946614
413.43321794058846
396.49861913406124
399.2290893723829
403.6809151457016
450.6434502585272
389.090309026948
371.16324501990323
383.63008136675364
374.1227200602076
371.92845201866646
373.1501438421531
386.19783154636843
387.8625246549271
393.2536041821613
374.3675936908315
382.9189413183452
378.5553532461287
366.0824658799424
393.2514911199556
380.22846616646166
376.58347466113565
354.5651935450796
346.4133404158287
348.596707538518
380.02807246735745
360.1165492900655
382.7128339411719
350.1727159150845
351.83112380729654
357.46513712846996
379.20497980537226
356.55250608097936
359.1164503739411
366.9219562865948
