6393.162092372177
5559.675491060671
5332.866090581895
5942.832349865779
4462.96254926901
4140.183532707271
3327.358949883933
3732.2213102793885
3132.0460471833626
2823.670638464185
2377.9042026698876
2601.9930833326334
2289.503354905658
2099.049608767928
2150.3152628396647
1987.339453279878
1902.1802768093064
1969.0622957157657
1980.895162054645
1978.3782765109609
2010.809977337271
2013.68481750543
1940.3053989744744
1880.4324594005905
1830.959564205286
1787.579142399041
1810.1636487665955
1772.1680008382148
1742.3341713669365
1715.2141656001806
1699.1590539915842
1670.3385647404937
1646.2023970086307
1626.1027506011371
1606.8093382053203
1583.2435282992517
1565.0824451183203
1548.7514973086393
1563.819252751418
1540.9559237603235
1521.7661110117078
1506.6696980492318
1499.7155064846029
1480.0540304471592
1471.328137812278
1457.1826078863896
1464.0030080849658
1441.5198249819505
1428.0446421243457
1418.7233925421208
1407.9405146905099
1398.9291738913412
1388.466452252465
1379.9040086989949
1369.7118419004776
1363.4487183577955
1352.6863551283543
1350.0195560412226
1336.468118262
1328.8617180565889
1322.7704265204231
1326.1160721820484
1310.5109232801049
1302.8822336232581
1294.9560394343791
1287.9910233363482
1281.9912875783841
1284.1039797628507
1270.9786379709356
1267.9321808634297
1263.4557732364854
1271.5313701364562
1261.2636756508673
1256.2199301838511
1252.5619397369742
1254.4454454970219
1243.5706827622712
1238.3933148597582
1233.4184928850382
1229.2305532993842
1225.3850576898415
1226.8761505218197
1218.0918169621923
1216.4740652520895
1215.223485152336
1220.0732882315888
1213.1797584884923
1210.047041168672
1207.4967225070259
1208.0123296501079
1201.362661517359
1198.4039503851589
1196.3046343024196
1197.7506259590816
1191.2548619021502
1188.3932129286122
1186.4311353607854
1187.9255521079647
1181.8505467109162
1179.4837523363558
