27825.049790627712
21147.089633018288
16988.19636978417
14175.5045749145
12489.238607373558
11523.909903168646
10882.481770895305
10446.793288923649
10143.859513733893
9928.256008496815
9771.006331290573
9653.221910658178
9562.451500200443
9490.323429891416
9431.24858436783
9381.411810753463
9338.225901854226
9299.862256467111
9265.120634560506
9233.142016523496
9203.293855664842
9175.127228524705
9148.32593664233
9122.673311122471
9097.991585730382
9074.113219747147
9050.9890497814
9028.495153794947
9006.576359250146
8985.179059503656
8964.228411379603
8943.72762165234
8923.633775428487
8903.914152403711
8884.544442076753
8865.507923403306
8846.759888492932
8828.314786290428
8810.141402905412
8792.229547471816
8774.560797481055
8757.108362933423
8739.882043089654
8722.869935837445
8706.044972565185
8689.415404795101
8672.97693780697
8656.69469728663
8640.58642041409
8624.659416754117
8608.864062620556
8593.23736166393
8577.688937673594
8562.34236032468
8547.094919334431
8531.968461835095
8516.987450986922
8502.125494152499
8487.411610652483
8472.772078598236
8458.253938076663
8443.857020079204
8429.532639388975
8415.332660164957
8401.227829959646
8387.23845551768
8373.344908161023
8359.564562169055
8345.866426641347
8332.274122366347
8318.773299626346
8305.366886726457
8292.065214099945
8278.826385182276
8265.696440706188
8252.665172297193
8239.721318302838
8226.882748897067
8214.140546243056
8201.482229443029
8188.930158668755
8176.416256364213
8164.018399505904
8151.715025315268
8139.495729515949
8127.371586811641
8115.358326664843
8103.398351097536
8091.534409214641
8079.765147117415
