1222.2432269049773
1604.3063935239281
1819.8478082162976
1174.7293334871258
942.6373996607363
690.6203373098758
916.6988297868014
612.0673844646373
803.9702325043029
562.9196621683078
602.8124303073013
653.3247285080826
874.2619145670112
782.2636623244566
645.550390332249
730.119431644466
619.347893029007
645.667136393305
546.7751814648415
571.8098352028356
583.7423450589864
616.0052541486856
632.7130607773381
798.0065082581268
639.9255618869767
724.531422739516
722.8798224085573
484.6568014145163
617.9386043600907
529.9390111708085
587.4100560652222
506.238833926472
616.982990583138
444.6307943567881
462.25016641509825
526.5738198748121
451.35444630036176
505.19839417305934
403.6184803042405
401.493179518516
479.8855330925492
469.2446755639823
447.24529001185897
435.7606690001675
447.61654702248177
467.7473926059133
451.7291912295687
464.00689839924024
452.49023239091446
510.3561203058408
