5953.9638066931475
5039.952817743796
5199.92774985138
4996.3519923147815
4541.62738101361
3736.908717494052
4298.989817885212
3583.9547394934607
3335.890008320416
2742.4282412934353
2447.1448748984335
2672.631488448717
2806.212010959026
2539.935217437845
2659.390431304697
2484.4882419929213
2261.609484609112
2081.6017911636795
2101.308188538467
2195.11173191435
2273.3680018603045
2122.881402885182
2189.9320680219234
2048.021283327541
2101.0768838063027
1979.4691575783243
1857.1803525026553
1772.069862057802
1737.6461515749209
1658.6879145410662
1675.386338370475
1612.372335113791
1576.416383788488
1609.1551798651708
1571.080793627988
1538.4645892508283
1513.1394840734206
1492.1559254615095
1477.1688062761443
1496.6097251700376
1468.775771648559
1449.8985762855593
1464.4516663580243
1436.2303635599856
1415.5984651080269
1418.1147433126987
1401.0210797591121
1414.9511680584135
1394.346717227077
1384.3604035957298
1396.328852119185
1383.7150969661054
1376.8599539803815
1372.35156817098
1367.04501010718
1364.6568455224592
1359.192773590768
1360.7935747818583
1351.49393076637
1347.3306523059828
1343.501065032931
1352.453136811061
1343.591990493872
1338.4782227798105
1336.661268830449
1336.4784360980898
1331.4231954725958
1333.5407199582278
1325.1876684525553
1321.5083613518975
1319.7944531617845
1326.2161999376162
1319.1955562075934
1315.4673807177107
1313.7044475872842
1317.4001095618585
1311.8448891033306
1310.9741286237097
1305.5192857950733
1304.7216418071096
1301.0356021982025
1305.4775670783288
1299.1539081412939
1295.1288404706972
1293.081541337015
1298.6878603672844
1291.7188234747796
1287.9513565461743
1285.055702895258
1287.7319265350895
1281.634132616737
1279.7293743246212
1280.414747706804
1282.1790817413125
1277.83903032315
1277.05308401158
1273.7978109964542
1275.275574604554
1270.939484954462
1269.5216079145423
