27610.85794703924
20985.18755803676
16891.384427847646
14094.32769120855
12415.703250144588
11466.178841872352
10838.96001891932
10413.75064447406
10118.078265723041
9907.466739308493
9753.640808481441
9638.259223268326
9549.188859761458
9478.318134829093
9420.188898577097
9371.098370827856
9328.506160096158
9290.653794684858
9256.343629472867
9224.720016486712
9195.18718927177
9167.30746206282
9140.776176814037
9115.36086336183
9090.888416518308
9067.227351999074
9044.274128216597
9021.961730585743
9000.193498550316
8978.942874711827
8958.156524517506
8937.807515046676
8917.83750417661
8898.245721393763
8878.988653881508
8860.054413559594
8841.42053135428
8823.072933135716
8804.987108956348
8787.154928434851
8769.572533608962
8752.20001769521
8735.074023711804
8718.123792698516
8701.367298439805
8684.837412175671
8668.452778690673
8652.202987292587
8636.143714340835
8620.242046076977
8604.495093109017
8588.8925675059
8573.430249758534
8558.103315018701
8542.907158511329
8527.838927713974
8512.891795001184
8498.072899702738
8483.371873676704
8468.766893322547
8454.274024637258
8439.893048954475
8425.622459715485
8411.462185163318
8397.402172069857
8383.445425748225
8369.600592055363
8355.868682468334
8342.164710677922
8328.590541889153
8315.115183419557
8301.742808881958
8288.477259867735
8275.309757349516
8262.20260951241
8249.19259206948
8236.248376873793
8223.42207668833
8210.682828491135
8198.034615217226
8185.495858444664
8173.043068996137
8160.661340622343
8148.370507740987
8136.177207368428
8124.061995063319
8112.0437429222275
8100.11361784586
8088.275731632573
8076.532139288287
