72282.46720196372
93513.21938073185
118067.9135336698
88694.96979356444
68717.45950415015
55921.60561844472
46282.81962176399
38905.17582335571
33154.822221557486
28609.38466453521
24978.32430464537
22051.7632757662
19678.517920585815
17755.37697428487
16208.800371959678
14975.859048141665
13998.994103784324
13227.754000821638
12619.70440691093
12140.09990207745
11761.055297136747
11460.523204230463
11221.277868857476
11029.936612168936
10876.04380727608
10751.161166836728
10648.250829034025
10561.31387438104
10485.222186765051
10415.425707640243
10347.188719452875
10274.402946540731
10188.358193506045
10078.80966494555
9942.820639175543
