5552.548915744145
6654.69062204592
5790.981218895109
4744.895425102746
4354.894568063897
4263.984931896379
4293.87612343249
3435.5099993626013
4045.1332750572587
3672.936489327515
3392.2328377951885
3812.669711271069
3188.4865933404135
2801.240689058527
2662.054096666291
2260.3523553915534
2465.3009577174776
2311.311777609443
2239.921714980619
2262.9719261447617
2214.1198344823206
2312.931648790955
2191.4141791986613
2095.5123666832988
2030.9423368386456
2099.5559344396934
1994.0840386693785
1917.9160001916541
1911.222628289893
1902.0506150969813
1833.860597442376
1834.8145301872532
1777.689511812776
1731.9751088114558
1699.028590361432
1711.1537672795778
1677.0295028080407
1650.5385281837932
1686.0567206952292
1647.5442467984112
1623.2101431849196
1646.3246916821795
1619.25743148863
1600.7548063692436
1586.9573267692606
1605.4376497235198
1585.6923712504167
1567.7255852520882
1553.815121697436
1544.7139162148264
1558.6138674462059
1539.848020355692
1527.770874801373
1542.7158641288443
1524.2094705979423
1510.5147523843934
1505.915978213686
1501.740923472668
1493.0644409046963
1504.930352383632
1488.807577472741
1476.9844321253536
1475.2416984964184
1470.0650858524841
1466.908975737363
1476.3968394383521
1464.5587324494943
1462.0734687218353
1450.7970192351345
1460.3551753503998
1444.5783590924864
1436.7494104203683
1431.9623049988315
1445.2703158520756
1440.6022777278622
1427.9288487297636
1419.850712495555
1427.3087729018637
1415.1983665098842
1410.9935284191458
1420.5432964118404
1406.7234027098762
1397.575475155543
1390.5514939277323
1384.5306512635066
1380.6316234491926
1388.087500787172
1378.0588491233689
1370.8534551052276
1367.4042674566363
1373.3932360310384
1367.068794039293
1369.8489960104184
1363.9122501423813
1370.597434663253
1362.2081842345258
1358.8501654707918
1361.8324539914856
1354.7549052258428
1351.1960821877208
