72295.37268570479
93385.40891376276
117518.7233255698
88792.16342633835
68950.62900427691
56191.07905282751
46556.77091128138
39171.12903299728
33407.616343695576
28846.529075240214
25199.05846287727
22256.53460173709
19867.72206327599
17928.246138048402
16364.054235658112
15112.937328087375
14118.321040423461
13330.495386726448
12707.461975333801
12214.65399900344
11824.174890511476
11513.855800887832
11266.291119344442
11067.916352146478
10908.120083955719
10778.402090342768
10671.697468445229
10581.99840558676
10504.194049400709
10433.829259413122
10366.51625567739
10296.918433633664
10217.492271929008
10118.316413042026
9992.472640530832
9848.312822102092
9706.833933661106
9580.899771819371
9472.802313527145
9381.005750514614
9302.928879064651
9235.883741323702
9177.496432040769
9125.868656120318
9079.613950041707
9037.830725368149
8999.988216418198
8965.693719662533
8934.421930463905
8905.396764889781
8877.723989996319
8850.646380011773
8823.714860943706
8796.791559393163
8769.941976952168
8743.317469208327
8717.088896378342
8691.429008783809
8666.501155782362
8642.41174312218
8619.117106307769
8596.317689535328
8573.383388893357
8549.304930029783
8522.594854269275
