4834.83846631137
5596.825957931035
5639.442264381055
5149.197622175859
4229.093544884019
3773.1229458996686
3344.275231501346
2840.718090773679
3308.9587204191575
3052.8567673537336
2960.5022886174247
3296.4370349842284
2798.7036871668934
2798.7036871668934
2655.072597560637
2459.780630248222
2721.286895681085
2393.8433747766953
2305.505028059078
2358.526204374198
2229.6134106179748
2016.608685545855
2092.330011979203
1996.7698753128013
1919.9062373524118
1966.0160894867001
1936.6189006970362
1988.9004956815152
1946.9377651232503
1874.9442919219307
1859.0024245201341
1820.707528125544
1770.869294983482
1728.1616618243097
1686.8610620482505
1643.9236666431493
1612.933868582631
1602.889970133759
1577.328649064971
1552.3741684770898
1550.7541186349488
1537.6590945328578
1518.0542285053891
1505.4318544771693
1524.2785203200917
1502.2027661815634
1495.3902689000768
1474.3319322506352
1474.4812459935067
1452.8687211531048
1475.803919327829
1458.6017744615472
1452.8454780190827
1443.4954652095616
1434.0235565800047
1445.2497129225692
1432.7863211637114
1424.2066803896928
1433.344855441191
1423.7425944436739
1428.9092161993885
1414.1992068359543
1406.0366563739306
1405.0281176301266
1399.6822756406798
1397.515771457585
1400.1518576256226
1392.8097296844746
1398.0807053402357
1387.9822885244164
1383.8644982189282
1382.6219240744529
1382.2867470238343
1377.4727612096522
1375.7966672833575
1371.4673430416701
1371.5372268067972
1364.6232551653882
1363.9826766679996
1361.7862633535294
1364.274312788176
1358.3234712366034
1358.1331893877
1352.463435654229
1354.573805062852
1349.7350377180157
1351.410264099417
1344.5091847568199
1340.4895644862986
1339.7372854672979
1341.3854440697635
1336.4839566492342
1338.9598263977227
1333.7922758400398
1335.1094236617073
1334.1744592729726
1338.2820139958537
1333.1464046609635
1333.5680133147134
1328.3764686384122
1328.3918781993978
1327.8518781621897
1331.0402630144895
1326.4612765186675
1327.8769359139676
1322.4390391466945
1320.2195893491403
1324.2968933003774
1320.6937661362153
1319.1649393548598
1318.2801149806446
1316.2306639143396
1316.9483543440112
1313.7602676581866
1313.1462825468489
1311.6533569890653
1310.5361068649102
1313.3011321413749
1310.737176604453
1309.9865129747325
1307.8498289584309
1308.2355619782757
1305.7472840492271
1305.4604821744413
1304.025505313251
1305.3799672441453
1303.6151793957695
1303.0465538893764
1301.1244029622446
1302.8866289732732
1300.3576113434963
1300.0272440753406
1298.416519787162
1298.6041797417508
1297.6725871374163
1296.8374084644815
1296.1454519442404
1296.6388537248677
1295.271026937511
1294.881111418439
1293.9935743883468
1295.2000284186345
1293.4759045254666
1293.1615871988831
1291.3684260427276
1291.9926355104383
1289.7126593485705
1289.5121880581742
1288.3369920476453
1287.794467831495
1287.7064856942457
1286.2725157613147
1287.2510042762685
1284.8928178617123
1284.5980985042156
1282.9790784006168
1283.254161969393
1282.0125557932192
1282.9081578621222
1280.4739295730246
1279.5771716270428
1278.8685741428274
1278.2917923321518
1277.9966887645414
1277.6231760994126
1276.9501931504947
1277.503571352138
1275.7529368439677
1276.3969438922502
1274.2469093973716
1273.0798031858956
1272.7061193969832
1271.5320535418775
1272.4333265428625
1270.926555824678
1270.6749752211435
1269.7994526773493
1270.0669053951174
1268.777202800114
1268.4289145356706
1267.4403722601962
1267.6464274621314
1267.0860266809284
1266.3175430721983
1266.8473832209463
1265.194380262961
1265.3561455486313
1263.6047687318112
1263.6762492604864
1262.4557667038239
1263.157324847456
1261.1759668903505
1260.5609369374902
1259.6338022419513
1259.496227458156
1258.6721902877184
1258.9615297647124
1257.7060191548946
1258.1087832579997
1256.5119096867097
1256.6899468856307
1255.6563108251182
1255.755822824433
1254.8732428475541
1254.8887037070228
1253.539724527061
1253.8900548608667
1252.560103339733
1252.7588765385221
1251.830938215008
1252.2478336665574
1250.6554084362829
1250.6866539995783
1249.4237573865905
1249.610863290733
1248.3874497365825
1248.3041078403937
1246.9726738430536
1247.3475319982945
1246.1619958617566
1246.3811267115545
1245.2617648982898
1245.732522449605
1244.2646307435293
1244.0961366561983
1243.041436836605
1243.286687881493
1242.232716234745
1242.1683822718103
1241.15956436569
1241.175744348861
1240.4302524019479
1240.4264517901331
1239.5766506920609
1239.6357823349153
1238.7457352100769
1238.6908386459252
1237.7613818782759
1237.7959608311874
1236.903230870672
1237.1080756811903
1236.0199638490462
1236.1085827562385
1235.2657193641392
1235.4918100466161
1234.5028892095347
1234.4195518370746
1233.4384938966225
1233.8604390778319
1232.9104009853588
