27178.51391338141
24294.065234212583
20134.308063053028
16551.107361302405
14364.504432757105
12934.792659980278
11889.64666776673
11143.52656726872
10617.859053438162
10247.889278401444
9985.459008561562
9796.61728146551
9658.012780867346
9553.769665655675
9473.130608713978
9408.811553694592
9355.879088764304
9310.977628455994
9271.819206192844
9236.837079070341
9204.952438975906
9175.41635567099
9147.70274456073
9121.437511059266
9096.351618974584
9072.247354187086
9048.976553079548
9026.426818825214
9004.51081856075
8983.15729165585
8962.310922632814
8941.924357376416
8921.958292102709
8902.366398595248
8883.143383478195
8864.250733750356
8845.66736327536
8827.339260952496
8809.314224103111
8791.543841476901
8774.013947133826
8756.711014945311
8739.622759138478
8722.738737004898
8706.048261702193
8689.542252952153
8673.211927215345
8657.041394624293
8641.039518345144
8625.195556117225
8609.495406367512
8593.9379862389
8578.518187317926
8563.230159846531
8548.070219155794
8533.03452057053
8518.118839383396
8503.320021752697
8488.636173874751
8474.061631345801
8459.595986709444
8445.237141299876
8430.983473157672
8416.830069349242
8402.777093479657
8388.823290531149
8374.96492791956
8361.202079110722
8347.53595112743
8333.96556611779
8320.490463174383
8307.107167344338
8293.815917840024
8280.616844328672
8267.50897318756
8254.491711435485
8241.56502645834
8228.726113407954
8215.984426828749
8203.558484861263
8190.995690918221
8178.523451789739
8166.141230936112
8153.8469161580815
8141.6402676395555
8129.521527986244
8117.490576717986
8105.546598398726
8093.693747086868
8081.923724495857
