7262.492941507854
7296.5100624415045
5740.598857096033
4415.414784421608
3821.833652705069
4410.694779913748
5328.072879139919
3655.6389301863987
3071.531165639671
3514.411375071817
2907.077775600913
3362.515497227606
3574.2289218513415
4169.29519953341
3387.9839230272473
2852.7139925809247
2898.3614885870957
2410.435612902164
2625.1759557064624
2410.078440048826
2243.8434573083614
2109.1035198285113
1999.7800307348523
1945.1908172605538
1893.348522136444
1911.7831702792057
1837.4409695279608
1785.814408581138
1752.076380446294
1771.528999799578
1736.2834828261866
1721.4842196642162
1683.5597669667652
1689.4292440172328
1651.5700727616213
1651.3604931971422
1611.8889101399295
1588.1982169406338
1605.6465666324134
1577.7602682610418
1567.903430417602
1551.0292792766363
1565.5211475420977
1542.8168837985
1534.012733688211
1524.5892298450387
1534.6270765917639
1515.5734030816386
1522.5343993863216
1509.729598557291
1501.9357276979854
1494.5967525209912
1502.1700974308405
1488.5059876761145
1490.4179865502952
1473.2291864539309
1483.8488283629706
1473.5512427590513
1471.495574746886
1459.61525879136
1466.2195019700252
1449.559450325281
1446.3681251417402
1443.4527991731613
1438.2096040780277
1448.7240854561417
1436.5287448108725
1437.5220945094575
1423.6283458683406
1427.438064767397
1416.6487743251143
1423.3418960051158
1406.8414308473007
1400.8916791469514
1408.3011580041184
1403.6258443844633
1398.8121620844054
1400.5405846692079
1395.6558263490426
1405.7067071248634
1394.425107739728
1392.53758528948
1388.971278280611
1394.991995887178
1386.9606865118021
1394.4872042783213
1382.5251884557783
1378.2503392423516
1379.927328918594
1375.106640036692
1377.7857492186959
1374.2845017667348
1372.6512169304403
1381.2260310366082
1373.4524597339123
1375.6292568593215
1366.2630018537184
1372.1626206927363
1362.6403334103063
1366.4301737700066
