72229.49669987112
93448.89411332794
117476.13425951375
88741.33601323492
68915.24439866428
56165.176142387085
46537.355173427
39156.09168581561
33395.656503463986
28836.832731748178
25191.073545198706
22249.874482161715
19862.167169485405
17923.623615099066
16360.240268192352
15109.82471971009
14115.790677130644
13328.441284318766
12705.792511896698
12213.290213103623
11823.052628148813
11512.93412273524
11265.51915463906
11067.263689898235
10907.565208740203
10777.929197455403
10671.293683844413
10581.653614221039
10503.90137238228
10433.585287331607
10366.321491708437
10296.779416241014
10217.42313622715
10118.336113722304
9992.57865855877
