[[43620.79623006]]
[[35957.79138075]]
[[28947.49508631]]
[[25824.5971865]]
[[23342.81241968]]
[[20608.23996738]]
[[18549.48485884]]
[[17272.68936179]]
[[16952.86100209]]
[[15468.07883381]]
[[15124.4456682]]
[[15618.0670399]]
[[14331.3443571]]
[[13283.27627429]]
[[13637.91113169]]
[[13603.59011682]]
[[13850.96829375]]
[[13609.40160151]]
[[13631.00560588]]
[[13512.95850959]]
[[13382.65685824]]
[[13161.56258123]]
[[12709.899344]]
[[12610.11336473]]
[[12745.63151151]]
[[12538.67292013]]
[[12396.36675154]]
[[12143.92113805]]
[[12221.51289265]]
[[12162.00646953]]
[[12167.55207183]]
[[12005.2415527]]
[[11974.67996739]]
[[12022.14088114]]
[[11879.52579806]]
[[11847.79454872]]
[[11766.55208068]]
[[11784.77806882]]
[[11793.46000028]]
[[11689.51605523]]
