[[1488.75950873]]
[[1125.19740726]]
[[1048.87440223]]
[[999.73417021]]
[[1017.87324861]]
[[983.24995462]]
[[863.93551684]]
[[796.69369799]]
[[771.60874762]]
[[757.12024298]]
[[748.55258433]]
[[743.78526989]]
[[740.01425801]]
[[739.43881554]]
[[737.23190578]]
[[736.85514517]]
[[735.88731932]]
[[735.08762308]]
[[734.22051308]]
[[732.45133692]]
[[731.24094342]]
[[729.46521236]]
[[728.49080202]]
[[727.94904198]]
[[726.8745699]]
[[726.16058105]]
[[724.48086824]]
[[724.76258711]]
[[723.01987382]]
[[723.73280277]]
[[721.75198383]]
[[722.38019377]]
[[720.66430109]]
[[721.20566335]]
[[719.33252108]]
[[719.85136516]]
[[718.38644211]]
[[718.87159949]]
[[717.63715699]]
[[718.19089902]]
[[717.67365652]]
[[718.4971237]]
[[719.00108737]]
[[718.39503283]]
[[717.04053705]]
[[717.63983244]]
[[717.39025453]]
[[716.73307602]]
[[714.46207711]]
[[714.08963073]]
