6415.177893601572
7673.482652621564
5882.82279976032
4553.005174843071
5540.441005440857
6147.526813866747
5083.838544189456
3757.711078444598
4116.1589063221845
3417.602499182412
3731.4602482417113
3160.5672900209884
2941.74804261376
2979.7192252092664
2561.5174940694483
2637.238602469242
2286.0206645477574
2461.3464248345094
2318.229933417738
2208.2613878544366
2219.393679097686
2170.717206268999
2083.5335588244425
2024.600999357891
2067.3085239227507
1997.3786422310816
1947.3393467866313
1911.055685664817
1870.8717944246598
1847.8172367518762
1873.8969589995288
1823.889656105195
1829.8229483390326
1773.4868912498973
1804.9329330218343
1772.537795907853
1746.662706992723
1728.529091113173
1715.9604817265383
1708.1990628938634
1685.9765690941233
1673.5224254117131
1662.4597895742327
1663.1821619198115
1641.092939682651
1632.2291177202014
1620.7627651777157
1615.2635865538923
1602.7468615636512
1603.2495514664395
1584.6378990617911
1577.4451275113245
1572.6620836965449
1577.1668971448657
1560.1333908610682
1555.532674580415
1546.5406920139365
1557.6643655795078
1541.2191403461932
1532.153139362271
1526.0906245467752
1532.029625154542
1517.0957455369273
1512.855121492721
1507.477221212593
1516.1741859187289
1502.914467404161
1496.7852975869184
1491.8743366468495
1496.6047998489848
1483.5831196747451
1480.8118610575875
1476.4173484195828
1484.2215546333068
1472.285761846069
1466.9109630565972
1463.2184210315481
1467.6055393906179
1455.8048895533439
1453.8089173723588
1450.4446264961068
1457.6845323940345
1447.0275200404255
1442.3858946188743
1439.4337056128438
1442.4712570402867
1432.2293943216985
1429.140872110376
1428.1119976101234
1435.6046778460448
1425.416204699872
1421.0545335207594
1418.6176417681972
1421.4401357688787
1412.3421511737045
1410.4668067408293
1409.6333022910435
1414.844495318543
1406.0558838437626
1403.3725773073236
