7863.73969590799
7062.736844282762
6877.174840773754
6676.892164843067
5340.2880239518345
5109.980678080331
3525.81063703884
4220.859897116239
3442.8647706518145
2664.1821874646953
2835.4569941611903
3261.3775450750018
3525.682643809592
3009.7347477356693
2704.2044108092364
2302.3172497453857
2001.7633433680112
2162.336169702239
2038.08141522617
2080.2445515480404
1898.714331747145
1827.7177055564894
1707.262351001849
1719.3653090708574
1639.5918512186643
1579.9237391218846
1601.5538200492028
1533.3409987274567
1547.467777114603
1528.038181111672
1494.2533655032753
1513.6544713449232
1486.6408673247774
1480.4892793552622
1458.5976691012236
1470.7017978347471
1442.3168333551182
1431.245787612443
1438.0086885604894
1421.6236913985877
1432.0884106186734
1415.5243951271918
1426.441424819365
1406.9923396794122
1398.48914424273
1407.1929671361083
1395.8374917245794
1394.9266052912178
1383.9380153239836
1394.0645529397486
1377.4380669638895
1370.7209799114148
1381.2961408438043
1367.9289737480383
1363.9561620423347
1360.7697957391877
1361.0891990159619
1354.478663514302
1362.364072220137
1348.5804605434125
1341.9877316545603
1338.8332955403862
1341.4413231094125
1336.0859065602308
1345.5551184226886
1333.6787355575682
1328.849190214469
1328.7276481947772
1324.0225322165818
1324.8550353169562
1320.0406708267685
1323.5898561143904
1317.8682669440639
1318.0270657461926
1315.2312004589778
1314.1349229737937
1315.6020700449235
1309.4397696225476
1314.5413792250927
1304.9241550096397
1303.837412686758
1310.6272239388659
1305.6997260092148
1302.8238494540224
1303.8906308850628
1298.4411552602808
1304.2141172706163
1295.2691131471913
1295.3962119743326
1299.4560624523383
