72229.22837849722
93295.44200559946
117528.07511709795
88811.70806149716
68963.0301098702
56199.30763495664
46562.25025652582
39174.878024666425
33410.27284265222
28848.483683836726
25200.565588233898
22257.768392629245
19868.78600170609
17929.17448333218
16364.851314801745
15113.609930981103
14118.882696373119
13330.962471313904
12707.851792964046
12214.982611710691
11824.4561975202
11514.100742380646
11266.507765810142
11068.110318502164
10908.295544199189
10778.56316076536
10671.848864165455
10582.145461812566
10504.342347929802
10433.985092484154
10366.688689097507
10297.122717733908
10217.753195272497
10118.663143838732
9992.907316718622
