5539.283139553674
7157.165748693746
6133.729872002039
5608.321224295768
4975.358593447215
4475.836851821296
4422.535242662217
4078.6363177995463
3807.8719783790957
3721.2399055420647
3803.561715705301
3462.0564884150585
3672.188213867731
3386.5553996923472
3160.185802436069
2983.8932425421053
3115.164632580565
2976.989592208804
3102.220940155278
2954.5664713075885
2893.988996629191
2731.7632694393205
2763.8238745667463
2626.850369128932
2505.197738580669
2407.6915306846863
2398.5113483604355
2303.89345005456
2365.387761226016
2296.6853408944175
2244.6178862379106
2188.4725201423958
2157.838651090806
2101.605937017195
2061.9440428676
2020.3066166206825
1971.3157724670743
1931.1337201007664
1899.455013441645
1873.66398070973
1841.6058218584483
1834.5939501069092
1794.5779860804646
1769.8710891893759
1744.8408253024604
1728.8688769160617
1702.8713952300698
1696.8474912003453
1663.6906200318253
1640.8604978819178
1632.4589114402236
1604.4456295246873
1584.2850596022095
1578.106491582218
1551.9588868088574
1532.5379236639003
1524.0151987715249
1501.1873820237413
1487.50981898346
1504.3175965355722
1477.7698814657017
1458.3616801613744
1442.5546763322554
1435.271336769998
1418.3395945284556
1407.556634424291
1419.7175144494552
1404.3661425506484
1392.3115261000057
1383.038227673158
1377.1479910588762
1369.798021964308
1377.513394650795
1366.162725620116
1357.1139037664616
1352.6560441501495
1351.3714009561281
1343.547706316529
1339.9683596820414
1334.0935192159204
1337.607720621199
1327.982116497974
1321.1321615677489
1319.2389790254776
1313.1672487826104
1313.6260840045406
1305.3179564134996
1303.7778058634171
1298.0973105124112
1297.8012160670876
1291.2718217728202
1290.9025640272525
1284.2570160205385
1283.5156515498907
1277.7171176070028
1277.4493530461873
1271.4014648390896
1270.236655502192
1265.4715174593277
1260.8824741908516
1255.0959129910414
1250.2588055279405
1246.6470422469765
1242.454897485999
1238.7815845279233
1235.1423875732405
1231.8686958659544
1228.5833404828331
1225.3622172326054
1222.5617566681792
1219.69293587793
1217.1495327806015
1214.2715109854175
1212.093511095112
1209.3297539299504
1207.4270950944426
1204.8745060439003
1203.1446748480005
1200.4965792988696
1199.0010831422203
