6378.351000932298
6184.297640352549
4947.843806847957
5434.532515710687
4549.273301634867
4035.0570238345663
3454.938457245672
3976.12263147892
3094.151487120975
2889.095121326068
3176.7760800013175
3653.6347760879194
3017.2806947494178
2589.0679341872797
2555.899285700888
2196.129469304475
2276.648100170741
2508.6698505786853
2609.464090555421
2340.4397122632636
2245.205525599864
2165.8558305145616
2280.6343011463678
2316.7801714634065
2159.9499409693626
2256.1671179955147
2112.692124520773
2196.897448687694
2034.241999215052
1909.760976329015
1820.9072031454295
1752.342017685215
1721.628432589201
1658.142310189165
1654.5281193164462
1581.5539787310383
1640.8085337470545
1577.966810100784
1538.4236558945972
1536.7079120494475
1508.6931709634682
1510.6391987174902
1477.878367993064
1458.5292764951107
1442.702324700802
1457.9158460340093
1427.0375559961208
1411.8655300193366
1434.2188078234499
1407.2777581371959
1392.8804677520081
1386.0448272484366
1407.6682956459204
1382.4145918552692
1364.368810059886
1353.6700951320195
1374.7589468187014
1353.9745142940953
1362.0537083525503
1346.5264353058362
1366.5026473396554
1348.7983901591433
1338.1972442128313
1349.1910841202264
1330.0956652897582
1321.3597802369243
1321.317469510138
1325.8146381674173
1313.3693681899672
1315.7111012306073
1309.2457260874255
1304.1398130491416
1316.9988389641885
1305.2985855826635
1300.7294745899226
1304.7461561685293
1293.2808814619514
1288.3449580751521
1299.948836853403
1290.2257350042055
1287.4980412483158
1286.502217899695
1284.7999133012179
1280.7404079389607
1281.0655959762187
1276.5477307619851
1275.484513922639
1272.4712501351933
1270.0573910930163
1279.7267462945283
1269.335352533347
1266.9104074480222
1263.4579607886042
1262.3171348162573
1259.3947858170307
1262.594482297124
1258.4061717785362
1258.963527659921
1255.6123748413083
1258.3830827356962
