5941.996274428821
6343.297386853579
5261.39590870652
5130.267691035236
3850.5150702348847
3495.5150101468535
3287.792997316324
3497.77551912306
2741.2540059835956
3180.4294144684673
2892.4962739062635
2867.4555794146377
3289.2208615131813
2807.7761934010946
2522.4612858815085
2328.9671752053837
2347.8650823093767
2008.3624635997223
2280.564922721463
2045.1209000477393
2175.0165377869257
2042.3108917997345
2002.9408048987798
1880.7964861650723
1790.3172629620844
1897.0864415794172
1856.9217714491754
1740.6062219037012
1651.8206904925535
1609.9897122545924
1677.8574545483418
1664.072841476297
1608.1672297332427
1566.86079911468
1510.945543696786
1468.2393555949725
1436.2142320921587
1407.6069606258382
1438.2048449454749
1403.175570758641
1377.9572780628469
1357.0490539592638
1338.6277604576978
1324.1763956803713
1326.040890740801
1311.440458932672
1310.6961083280632
1299.8125220146678
1298.2001878866254
1290.2528544423012
1309.6665249435912
1290.6517378709498
1281.0049746224656
1281.5113294184173
1293.7291367923863
1273.2556103830048
1260.3762464508336
1253.5235436573782
1271.8453865629695
1257.718944634445
1245.862618801395
1240.7850932381978
1254.7434671031522
1242.1242654325852
1234.1177489415768
1228.6650474258468
1230.2623825040582
1225.36938708219
1223.1656477706606
1224.3928133532452
1216.7943600770022
1211.1933061422158
1210.9724289712665
1208.854126069896
1203.896363643432
1202.1735604232877
1202.5105335605183
1199.1366040458663
1196.6127281471597
1193.2752572639833
1192.6771927945165
1189.8037284332534
1188.599225020195
1185.1677278385419
1184.5571731270768
1182.9905515869941
1179.517859401597
1178.0125566790653
1180.2083376152286
1177.2554662818875
1174.7324163174058
1171.354950259847
1171.2888615706909
1167.6919596637556
1166.6922289173067
1165.7106509609268
1164.7886669924796
1163.8798275130227
1161.7876667700568
1159.92416215215
