72318.04671251496
93494.22810364858
117500.41771510415
88762.25075466538
68931.74109555548
56178.33588355687
46547.94855341167
39164.73902991653
33402.77820178098
28842.72822934243
25195.97113980701
22253.947457761147
19865.50777844216
17926.34697221071
16362.443284310637
15111.586140344842
14117.195192473171
13329.559093953267
12706.681296524499
12213.99906355967
11823.620427014466
11513.381315602865
11265.880887134072
11067.558718144783
10907.806610108644
10778.126396457741
10671.454098768329
10581.782702187682
10504.002574267075
10433.660180651857
10366.369668707413
10296.796812235327
10217.401061935512
10118.262362654126
9992.454248671476
