[[6270.55729163]]
[[7992.74973328]]
[[5034.81344793]]
[[3968.170182]]
[[3883.72727816]]
[[4503.92514679]]
[[4303.0242196]]
[[3251.00291117]]
[[3860.07799491]]
[[3215.4386735]]
[[3473.06799242]]
[[3486.28488357]]
[[2860.42571225]]
[[2529.00295694]]
[[2501.53490703]]
[[2212.85504983]]
[[2304.29850776]]
[[2129.93720969]]
[[1988.4870275]]
[[1977.82361134]]
[[1891.37116749]]
[[1932.53034382]]
[[1826.19809005]]
[[1760.48504583]]
[[1732.86114586]]
[[1701.64566373]]
[[1657.01576508]]
[[1672.66381566]]
[[1623.4053365]]
[[1589.83572385]]
[[1585.10097353]]
[[1545.97405581]]
[[1549.95821082]]
[[1525.2834354]]
[[1543.55070679]]
[[1509.38183803]]
[[1528.05923246]]
[[1496.00367643]]
[[1477.1766539]]
[[1491.0802046]]
[[1465.98807004]]
[[1459.60630407]]
[[1445.60915639]]
[[1460.34252374]]
[[1440.8334084]]
[[1429.57767386]]
[[1441.09943602]]
[[1424.56029536]]
[[1420.87381104]]
[[1421.69616738]]
[[1408.63643081]]
[[1421.68802862]]
[[1404.1245475]]
[[1395.8796296]]
[[1404.97159688]]
[[1392.60751387]]
[[1390.08383362]]
[[1391.38683553]]
[[1380.68054499]]
[[1388.84641242]]
[[1375.36438407]]
[[1368.78537771]]
[[1370.58802058]]
[[1368.27042556]]
[[1361.71647931]]
[[1369.77460109]]
[[1359.29951046]]
[[1354.0964719]]
[[1359.46238771]]
[[1348.96082021]]
[[1343.55169112]]
[[1342.09431086]]
[[1348.66289716]]
[[1340.58323983]]
[[1342.71048078]]
[[1335.51296736]]
[[1338.58533133]]
[[1334.53736584]]
[[1339.06673572]]
[[1330.19950877]]
[[1329.73027885]]
[[1337.05211677]]
[[1328.5388797]]
[[1328.65034304]]
[[1326.38908252]]
[[1331.52326745]]
[[1325.43660252]]
[[1332.24586784]]
[[1321.45918742]]
[[1317.88866401]]
[[1318.39975195]]
[[1316.2470127]]
[[1322.49868]]
[[1315.37236575]]
[[1313.42901211]]
[[1318.617894]]
[[1310.56312903]]
[[1307.0369185]]
[[1306.96529068]]
[[1310.89664629]]
[[1305.49869857]]
[[1308.90492785]]
[[1302.93122476]]
[[1304.06291935]]
[[1304.14333084]]
[[1304.08809004]]
[[1303.94993976]]
[[1303.42046253]]
[[1304.40010774]]
[[1302.09294754]]
[[1305.85262785]]
[[1300.24400906]]
[[1302.156844]]
[[1298.46121411]]
[[1303.20308747]]
[[1297.62103173]]
[[1299.97334537]]
[[1295.51676493]]
[[1299.69991405]]
[[1294.31242458]]
[[1296.46666136]]
[[1292.94224558]]
[[1296.7090306]]
[[1292.17649554]]
[[1295.48674788]]
[[1290.04074113]]
[[1291.72233583]]
[[1290.45978444]]
[[1291.41463657]]
[[1290.2170426]]
[[1291.12916458]]
[[1289.65819678]]
[[1290.96872404]]
[[1288.85836129]]
[[1291.18923955]]
[[1287.50357108]]
[[1290.29323854]]
[[1285.8272097]]
[[1288.46369776]]
[[1284.94385263]]
[[1288.31936513]]
[[1283.7513187]]
[[1285.82721985]]
[[1282.8876556]]
[[1286.14825654]]
[[1282.42765967]]
[[1285.63476308]]
[[1280.92780639]]
[[1284.26845984]]
[[1280.00410101]]
[[1284.32350398]]
[[1278.54026537]]
[[1279.26915828]]
[[1280.20891423]]
[[1281.53020241]]
[[1279.33728162]]
[[1279.92094786]]
[[1278.49956939]]
[[1282.90509925]]
[[1277.34376312]]
[[1278.65070063]]
[[1276.96366881]]
[[1279.69323666]]
[[1276.21682648]]
[[1279.07326243]]
[[1274.52841989]]
[[1278.55704424]]
[[1273.20321933]]
[[1275.59531982]]
[[1272.86548999]]
[[1277.54643615]]
[[1272.00567521]]
[[1273.37302324]]
[[1272.0396763]]
[[1274.41315182]]
[[1271.28780081]]
[[1274.16157036]]
[[1269.71339528]]
[[1272.98520389]]
[[1268.67335584]]
